1
0 
2
-2 -2 
3
8 0 -8 
4
1 -7 -15 -15 
5
-1 -4 20 1 -4 
6
0 -27 4 0 15 -13 
7
-4 1 42 42 -25 19 -17 
8
-34 59 -15 -21 59 -20 18 20 
9
-7 61 -22 -31 14 -38 -33 -74 6 
10
82 95 5 -53 -83 35 35 22 -70 -93 
11
-47 109 -44 -58 55 66 85 93 -74 -96 -102 
12
72 -6 -87 6 -23 -91 -122 -74 -106 -38 -124 -89 
13
-59 -95 -45 -99 -88 68 75 103 -89 -100 -165 43 34 
14
53 -14 84 104 50 16 -25 25 -105 153 -193 125 -125 36 
15
-216 -41 -176 -80 99 68 217 -24 -95 112 71 157 141 -149 17 
16
12 -248 130 -2 67 71 103 153 114 -222 63 7 206 -33 197 -14 
17
25 194 -253 199 -167 24 -269 97 -278 114 -262 -161 -228 182 164 -245 284 
18
265 149 182 -178 -33 311 213 -315 306 -143 75 80 180 168 -272 306 -3 7 
19
98 -62 100 -1 45 -88 -250 354 225 240 -313 75 240 20 -132 -194 252 33 194 
20
323 161 261 -303 -389 -274 -266 -38 61 113 -247 166 -79 -325 -210 -226 237 -313 -341 392 
21
264 -184 265 111 -212 26 -232 102 -161 -333 434 315 246 -312 219 -291 -34 212 100 -432 -206 
22
95 279 -343 20 -126 123 -305 134 -126 45 -15 -159 -449 191 67 -439 -188 -305 403 -53 -69 -233 
23
-393 339 -525 265 -451 -93 -100 279 145 -360 -141 448 305 -219 465 194 299 200 337 -148 239 188 -31 
24
60 -84 103 575 -306 222 -32 -419 -475 -264 515 299 495 33 227 192 64 449 -137 -481 540 -170 341 389 
25
-150 -256 110 -489 -488 -434 327 -496 -314 -30 144 -595 -337 101 -326 -583 145 361 132 472 -413 -48 195 -213 -17 
26
-25 -484 29 615 -560 -13 -189 -619 -566 582 17 -203 670 201 333 569 -341 620 203 52 -45 359 514 -53 -329 570 
27
477 -703 -20 -617 -658 -271 713 468 -178 -722 -483 478 -712 237 -248 -344 -367 102 -305 -364 373 549 688 611 -162 550 542 
28
570 -233 329 -564 295 16 540 -536 775 -541 402 691 131 179 -262 41 204 -669 -36 209 -319 -775 24 -719 -262 -552 398 115 
29
530 -764 -217 538 -298 516 802 804 591 -121 -728 60 490 250 -57 -87 325 -506 568 422 584 -188 33 530 -543 495 -170 709 595 
30
29 375 338 838 9 303 -119 548 -892 -615 498 97 -43 433 22 687 -874 -227 514 191 439 141 55 -818 50 -43 -478 820 874 897 
31
556 531 137 683 828 306 324 896 -244 -637 253 545 750 -468 345 -306 112 67 123 180 -282 659 506 -801 -150 649 -447 -543 -168 775 -458 
32
644 -960 335 -175 -1003 -654 -300 -2 941 -251 -932 -861 -233 -304 -788 -882 979 -852 446 -1022 294 -280 165 889 -882 236 -762 228 888 129 -656 584 
33
78 632 671 -41 -405 -922 158 280 -83 -642 -892 -532 580 -134 969 -4 430 924 -635 -563 -393 736 -312 -834 -344 141 638 -115 -818 591 213 284 796 
34
401 532 -427 475 -1095 -713 -481 377 276 -591 908 1114 844 410 -500 43 -848 -323 61 464 -326 -599 -170 867 -1066 723 -389 -646 336 -325 223 439 -1129 850 
35
-201 582 -717 -1217 695 -228 -14 1118 584 -1019 -760 -371 1176 -1015 840 -210 -244 -822 -1092 -972 390 590 -485 -886 815 759 511 -648 927 -447 530 -774 392 588 172 
36
-468 386 -340 900 1291 0 -642 -315 -235 1214 -185 -312 -1244 1199 1110 261 -838 639 484 1089 -192 172 215 1146 -16 1124 529 406 -1161 -566 -296 -1214 -1220 1011 -507 361 
37
680 -147 129 -885 -80 272 -398 543 -1352 -485 -980 -996 -1082 717 -728 771 -824 -928 861 -365 386 803 691 622 -1055 1318 -115 -1260 1348 -144 -774 -811 1362 -951 1307 555 897 
38
1066 1152 -325 1056 150 -86 -413 540 137 -520 608 58 -893 -840 971 1000 -1301 1200 -558 -844 -1392 -744 -946 -641 310 1294 1111 -74 1046 -188 551 -1283 -159 24 -712 1093 -642 -739 
39
1043 -998 -975 711 1033 1485 775 -342 540 -811 -1256 -193 -812 -83 -226 -1331 -299 1212 402 1305 1516 -128 439 338 1084 -1134 960 1186 700 -867 1480 450 922 988 -1253 -1107 749 779 -1400 
40
-1142 1288 -252 -190 1335 -388 -1029 1048 -1294 709 -1495 958 340 381 174 1428 -303 276 1447 356 -183 -1476 46 473 -718 46 336 1139 701 -277 -1043 -927 -95 -943 983 -109 1535 1140 591 -1442 
41
331 1425 208 1349 -1326 323 -1083 946 -1345 -220 1016 679 593 -139 -1542 496 394 -128 -371 -1 862 1450 -227 -122 -203 -709 -1351 272 936 45 1133 374 -837 -1514 -1171 1002 1467 -71 -27 -1367 -638 
42
1128 1310 239 -510 416 1499 -755 -1234 -1183 -141 -1486 1684 1427 -956 1726 -1370 -1062 -384 -1225 931 365 -1422 680 1011 1748 1557 -1453 1545 1265 1451 1457 1696 -1297 -7 -1245 -1637 1548 -155 1393 -673 -1474 -351 
43
-1167 -481 -1253 1227 1543 912 -1801 -814 -1532 1630 -16 -82 -487 -1048 -898 -962 627 -1110 -392 -477 875 -193 -1630 -1033 1187 -198 -428 196 439 1536 1615 -339 1501 781 297 -1484 -515 -1339 -1021 -1371 -1814 -1464 -1081 
44
-507 24 1854 1801 -290 1523 -1716 1780 -1801 1680 1044 -1932 -593 705 -1188 -91 -824 -51 -1393 577 -356 633 -1284 4 1657 805 -747 -54 -903 -1612 -811 843 -1649 1282 -70 576 -110 1602 1593 128 1412 1929 -1335 382 
45
-1582 1498 1458 533 -713 67 1082 1835 248 1800 -812 1510 761 1929 -806 -1773 1862 -873 -662 1507 356 -591 39 1070 -1431 212 483 628 1256 -166 -252 415 -848 -1848 1120 166 332 -690 -930 452 -1727 1987 -1598 639 425 
46
-230 380 1272 1290 1859 -1418 -698 1097 1817 2003 1107 1923 -658 -1834 -798 243 -634 21 -1184 -1847 -1609 -1046 -1995 -292 -307 -1815 -1389 -668 1014 -1987 -690 -1017 -1937 435 1188 -821 -466 -838 -2078 519 -1333 -1731 -1262 635 -2113 1681 
47
469 899 -1716 1149 1835 -716 2011 -1821 1725 809 -577 -414 416 273 1398 -844 -1024 -966 106 1625 2125 -890 359 529 -587 -334 2097 -197 1509 1162 -2019 -1771 48 -2184 1815 -1660 -559 2007 -2198 2079 2056 -1216 1061 1919 -696 -1805 1240 
48
-1560 1675 2120 2119 -467 1287 1820 1169 1603 1159 -352 2257 -1776 1722 772 -1421 -1328 -51 -486 1780 806 -892 -1760 1108 -1169 -59 2016 1973 -719 -742 525 -1349 -2038 -1427 -40 48 1831 -55 -457 2169 1183 576 310 919 -1052 -253 1787 916 
49
1134 -2140 -1475 -2223 1569 936 -1741 1932 1536 -1667 1828 386 1959 2222 2342 1599 -124 -394 -1813 933 1529 867 686 -1840 -1462 839 -739 -378 -1417 1768 -1930 -634 -605 2335 107 1618 -2075 -16 -1975 -1722 -1720 1737 211 -2309 -158 1254 1393 -1982 -1585 
50
-1215 456 119 -1330 459 2227 -602 2007 -828 2075 -689 -22 -1242 -120 -478 1440 2070 1978 2400 -2366 1287 957 2262 -2262 923 -2359 1779 -2488 -913 2233 -2204 -1005 -62 -148 1396 429 1286 61 -1373 -502 2265 1080 -417 1170 1172 1036 1407 743 299 -1020 
