6.643123 7.342399
23.800434 26.305743
84.737066 93.656757
133.088031 147.097297
1092.756757 1207.783784
517.915058 572.432432
3025.680309 3344.172973
11460.447876 12666.810811
47297.861519 52276.583784
165278.344402 182676.064865
14115290.440154 15601110.486486
1402154.106564 1549749.275676
2840045.154183 3138997.275676
26557515.119691 29353043.027027
2399983987.644788 2652613881.081081
145968256.889575 161333336.562162
1026618791.569627 1134683927.524324
25594577954.528700 28288744055.005405
61639137470.303217 68127467730.335135
51126140944.868983 56507839991.697297
17289730799.196911 19109702462.270270
671319418487.268981 741984620433.297299
8727572540.095753 9646264386.421622
14325065779024.457101 15832967439974.400042
207519871825867.810977 229364068860169.687093
