0.000000
0.000000
0.000000
0.000000
0.000000
0.000000
0.000000
0.001000
0.000000
0.001000
0.002000
0.002000
0.005000
0.006000
0.009000
0.010000
0.023000
0.027000
0.033000
0.041000
0.056000
0.052000
0.086000
0.091000
0.145000
0.166000
0.217000
0.222000
0.270000
0.283000
0.310000
0.469000
0.419000
0.540000
0.660000
0.655000
0.796000
0.890000
1.052000
1.030000
1.070000
1.731000
1.505000
1.895000
2.042000
2.451000
2.496000
3.057000
3.481000
3.300000
