1
0 
2
0 -1 
3
-1 0 -1 
4
3 -2 -3 0 
5
0 -2 0 2 -2 
6
1 4 -5 -5 -5 3 
7
0 6 6 -2 0 -5 -2 
8
-1 6 -3 0 7 -1 -3 -4 
9
-2 0 -6 -3 -3 -8 -5 6 -4 
10
6 9 -3 1 -3 5 3 -2 1 -2 
11
4 6 7 -2 -2 7 -5 -6 9 9 -10 
12
9 -11 -2 4 -11 -8 -8 9 -2 8 4 -3 
13
-8 0 -9 -10 12 6 2 -1 -4 9 -12 10 -10 
14
-4 6 -5 -1 8 0 6 12 -6 13 1 8 6 -7 
15
-11 12 -7 0 -11 9 3 7 -3 13 -7 -14 8 2 -10 
16
-5 10 -15 -3 14 14 -9 -14 6 -5 0 -13 15 -3 -6 -6 
17
7 -1 12 11 1 -2 -6 5 -16 11 -13 -2 -3 -14 4 -3 3 
18
-5 -6 -12 -7 14 17 -1 -7 8 1 -12 7 -5 10 0 -4 8 8 
19
-6 -10 17 3 -4 -17 6 7 -18 8 -8 8 -11 -13 14 17 16 -3 -18 
20
0 -2 -13 18 -5 0 12 1 -16 -4 -15 -17 5 8 -5 15 1 -11 0 0 
21
-6 -1 -13 8 -5 17 6 -2 0 11 4 8 -9 5 7 17 -2 -5 -7 -10 15 
22
3 1 15 -6 7 -11 3 -1 -17 -9 21 15 11 -5 12 6 -19 -3 -15 20 -14 -17 
23
-22 -22 -13 8 -20 16 -22 14 19 12 14 15 -8 17 -15 -15 -3 14 -3 -1 0 -1 1 
24
-23 16 -22 9 -6 -9 17 17 15 -2 5 17 -3 2 -13 -9 -23 -10 -11 18 -15 -3 3 4 
25
-9 -22 13 15 -21 3 22 -12 24 10 -15 6 -5 17 9 -20 7 -20 6 12 -8 -12 -9 -16 12 
26
-5 0 -21 -4 13 -6 8 6 16 22 -6 -13 -4 -17 12 24 16 -18 9 -18 -13 12 5 17 -2 -11 
27
20 25 -24 16 19 9 10 -21 -22 1 17 -4 -9 22 -4 -8 18 25 -16 25 -24 25 19 -16 10 -8 -13 
28
1 20 -25 -10 7 -10 8 23 0 3 8 21 -9 -19 27 11 -15 -26 15 14 -4 -4 -19 5 7 -18 21 25 
29
0 -5 25 20 -23 -15 -15 25 25 -3 0 16 22 21 18 -23 10 15 -15 14 -5 -3 18 23 -25 -7 21 -8 21 
30
-23 -19 21 -25 -12 2 20 0 15 26 16 29 13 29 -6 15 11 -12 -8 17 2 -8 -25 -14 19 5 10 -11 -24 -28 
31
5 -8 27 -1 -14 -7 -11 -27 -13 -18 -26 -10 22 11 -25 -2 -16 19 -22 -6 -18 -12 -12 -22 20 7 26 -3 -29 22 3 
32
-15 6 10 11 27 -12 -24 18 -31 12 0 4 -20 16 -19 -4 7 0 4 29 4 20 -24 -15 -29 -2 26 -8 24 26 -11 -8 
33
8 -24 -14 1 17 27 18 18 17 -12 11 15 19 29 -15 15 -28 -8 -6 -12 -8 -32 -31 22 -27 -4 13 8 -28 23 25 18 -22 
34
-31 11 -26 27 -3 21 21 20 21 -3 28 -26 -13 -20 -4 -31 24 -12 -18 20 22 -20 6 15 1 -21 22 -22 -8 -26 -5 -15 -25 10 
35
21 3 11 -30 23 13 -19 -24 -24 -22 -33 3 -3 -5 0 -9 12 -16 24 -20 -4 19 17 34 30 4 12 7 -14 12 27 -27 23 4 29 
36
-15 -16 19 16 -2 -4 -19 -23 -26 -19 6 -33 15 -28 -25 -16 -18 -35 -5 18 -34 -11 12 29 -5 13 11 -25 -3 -6 3 -9 9 -6 -33 32 
37
-34 -16 -9 -5 36 3 -29 29 18 33 -4 25 14 -6 3 -3 -13 -4 12 17 -14 -11 -23 -24 29 -23 -33 4 11 18 8 -26 2 -16 10 19 -29 
38
33 -4 -31 21 -29 -18 -4 2 -32 0 -17 -12 28 3 -19 -24 9 -20 -31 -13 -19 -23 14 0 18 34 0 31 1 35 9 -24 34 31 -28 34 -25 -15 
39
13 35 25 8 -9 -27 11 -20 -11 1 -21 -16 2 -16 -7 28 -18 -15 6 32 2 -25 21 13 -24 -31 11 28 -38 -20 0 16 -7 4 -6 -33 6 4 -23 
40
4 28 -12 -31 26 -17 26 -13 22 -20 -13 18 18 -27 -2 -16 26 34 -35 -31 9 29 -26 -6 20 11 8 -1 16 -26 -5 18 39 -33 -23 5 -10 10 7 -3 
