2.000000
[1.900000, 2.100000]
Tiempo: 0.067
1.324807
[1.258567, 1.391047]
Tiempo: 0.088
1.171815
[1.113224, 1.230405]
Tiempo: 0.098
3.201737
[3.041651, 3.361824]
Tiempo: 0.124
11.393822
[10.824131, 11.963514]
Tiempo: 0.143
3.032175
[2.880566, 3.183784]
Tiempo: 0.257
3.081081
[2.927027, 3.235135]
Tiempo: 0.31
13.258687
[12.595753, 13.921622]
Tiempo: 0.235
6.826255
[6.484942, 7.167568]
Tiempo: 0.391
32.772201
[31.133591, 34.410811]
Tiempo: 0.287
48.761905
[46.323810, 51.200000]
Tiempo: 0.479
127.752896
[121.365251, 134.140541]
Tiempo: 0.695
182.692407
[173.557786, 191.827027]
Tiempo: 0.563
159.958816
[151.960875, 167.956757]
Tiempo: 1.224
705.235521
[669.973745, 740.497297]
Tiempo: 0.862
1175.557272
[1116.779408, 1234.335135]
Tiempo: 0.706
2754.388674
[2616.669241, 2892.108108]
Tiempo: 0.781
5100.231660
[4845.220077, 5355.243243]
Tiempo: 2.096
7591.042471
[7211.490347, 7970.594595]
Tiempo: 0.858
15867.387387
[15074.018018, 16660.756757]
Tiempo: 1.775
26726.795367
[25390.455598, 28063.135135]
Tiempo: 1.223
58071.474903
[55167.901158, 60975.048649]
Tiempo: 0.64
98936.586873
[93989.757529, 103883.416216]
Tiempo: 1.366
183703.227799
[174518.066409, 192888.389189]
Tiempo: 1.434
340078.702703
[323074.767568, 357082.637838]
Tiempo: 1.12
748173.145946
[710764.488649, 785581.803243]
Tiempo: 1.926
647768.957529
[615380.509653, 680157.405405]
Tiempo: 0.796
2165977.451737
[2057678.579151, 2274276.324324]
Tiempo: 1.652
1216366.153582
[1155547.845903, 1277184.461261]
Tiempo: 3.719
8107908.118404
[7702512.712484, 8513303.524324]
Tiempo: 2.566
6237089.676779
[5925235.192940, 6548944.160618]
Tiempo: 3.091
36404615.413127
[34584384.642471, 38224846.183784]
Tiempo: 1.82
59387458.026255
[56418085.124942, 62356830.927568]
Tiempo: 2.352
96906236.046332
[92060924.244015, 101751547.848649]
Tiempo: 1.942
184484599.104247
[175260369.149035, 193708829.059459]
Tiempo: 1.994
72135551.110425
[68528773.554903, 75742328.665946]
Tiempo: 2.568
893402946.223938
[848732798.912741, 938073093.535135]
Tiempo: 2.1
1586429361.585586
[1507107893.506306, 1665750829.664865]
Tiempo: 1.626
2072860664.092664
[1969217630.888031, 2176503697.297297]
Tiempo: 1.146
6566822583.845560
[6238481454.653282, 6895163713.037838]
Tiempo: 1.746
