1.900000 2.100000
0.000000 0.000000
3.244764 3.586318
0.000000 0.000000
0.948777 1.048649
2.853668 3.154054
1.916768 2.118533
0.935328 1.033784
1.985586 2.194595
0.892046 0.985946
2.905019 3.210811
0.938996 1.037838
4.862659 5.374517
52.270785 57.772973
50.169222 55.450193
43.462107 48.037066
110.175547 121.772973
57.949476 64.049421
240.383012 265.686486
408.651120 451.667027
1274.029961 1408.138378
1201.915058 1328.432432
3285.234492 3631.048649
5069.896244 5603.569533
3515.589762 3885.651842
18461.415290 20404.722162
45298.843072 50067.142342
107691.589189 119027.545946
30768.677448 34007.485601
123074.477770 136029.685956
246149.552170 272060.031346
492304.407722 544125.924324
1476913.223166 1632377.772973
4149422.865085 4586204.219305
7876870.523552 8706014.789189
12996753.206841 14364832.491772
23466416.054786 25936565.113184
35213993.126072 38920729.244606
31507482.094208 34824059.156757
168039904.502445 185728315.502703
252059856.753668 278592473.254054
346578818.361171 383060799.241294
522114756.863441 577074204.954330
1764411394.348135 1950138909.542676
2923866967.803402 3231642438.098497
2707272965.851238 2992249067.519789
8065793769.276725 8914824692.358485
8065672122.436075 8914690240.587241
32263661664.469498 35659836576.518919
57512426038.048673 63566365621.001165
