2.000000
0.000000
3.415541
0.000000
0.998713
3.003861
2.017650
0.984556
2.090090
0.938996
3.057915
0.988417
5.118588
55.021879
52.809708
45.749586
115.974260
60.999448
253.034749
430.159073
1341.084170
1265.173745
3458.141570
5336.732889
3700.620802
19433.068726
47682.992707
113359.567568
32388.081524
129552.081863
259104.791758
518215.166023
1554645.498069
4367813.542195
8291442.656371
13680792.849306
24701490.583985
37067361.185339
33165770.625483
176884110.002574
265326165.003861
364819808.801232
549594480.908886
1857275151.945405
3077754702.950950
2849761016.685514
8490309230.817605
8490181181.511658
33961749120.494208
60539395829.524919
